1 2 3 4 5 6 7 8 9 10 11 12 13 14 15 16 17 18 19 20 
2 4 6 8 10 12 14 16 18 20 22 24 26 28 30 32 34 36 38 40 
4 8 12 16 20 24 28 32 36 40 44 48 52 56 60 64 68 72 76 80 
8 16 24 32 40 48 56 64 72 80 88 96 104 112 120 128 136 144 152 160 
16 32 48 64 80 96 112 128 144 160 176 192 208 224 240 256 272 288 304 320 
32 64 96 128 160 192 224 256 288 320 352 384 416 448 480 512 544 576 608 640 
64 128 192 256 320 384 448 512 576 640 704 768 832 896 960 1024 1088 1152 1216 1280 
128 256 384 512 640 768 896 1024 1152 1280 1408 1536 1664 1792 1920 2048 2176 2304 2432 2560 
256 512 768 1024 1280 1536 1792 2048 2304 2560 2816 3072 3328 3584 3840 4096 4352 4608 4864 5120 
512 1024 1536 2048 2560 3072 3584 4096 4608 5120 5632 6144 6656 7168 7680 8192 8704 9216 9728 
1024 2048 3072 4096 5120 6144 7168 8192 9216 
2048 4096 6144 8192 
4096 8192 
8192 
