1 113
818316
836617
697056
666110
928219
135023
834093
689836
937466
303825
261326
188166
858700
32375
317525
767989
323420
740462
378733
552391
362201
332176
648086
104015
985903
207768
559035
462658
7235
639949
613996
324617
973742
70485
746380
231992
153573
270848
158947
985223
876813
32537
56916
932705
984129
63068
663209
130427
614765
210228
751270
465969
161297
2744
333882
389031
919473
389698
846672
126552
658054
666761
26872
233181
962035
904843
537941
212232
303860
348093
159744
498051
838690
901199
361613
953287
726913
275434
849569
406937
571452
168300
539184
135420
217558
600321
12692
470769
698917
351476
59228
757153
667674
756327
945824
922316
440105
882293
694943
346511
148909
190030
788362
72624
883557
70205
129457
844627
187230
249017
702612
935032
738984